
Sat = 10^10;
% Superheated Vapor Water

% Temp. v u h s v u h s
% (?C) (m3/kg) (kJ/kg) (kJ/kg) (kJ/kg-K) (m3/kg) (kJ/kg) (kJ/kg) (kJ/kg-K)

% Tablas de 10kPa y 50kPa
VST1 = [
Sat 14.67355 2437.89 2584.63 8.1501 3.24034 2483.85 2645.87 7.5939;
50 14.86920 2443.87 2592.56 8.1749 Sat Sat Sat Sat;
100 17.19561 2515.50 2687.46 8.4479 3.41833 2511.61 2682.52 7.6947;
150 19.51251 2587.86 2782.99 8.6881 3.88937 2585.61 2780.08 7.9400;
200 21.82507 2661.27 2879.52 8.9037 4.35595 2659.85 2877.64 8.1579;
250 24.13559 2735.95 2977.31 9.1002 4.82045 2734.97 2975.99 8.3555;
300 26.44508 2812.06 3076.51 9.2812 5.28391 2811.33 3075.52 8.5372;
400 31.06252 2968.89 3279.51 9.6076 6.20929 2968.43 3278.89 8.8641;
500 35.67896 3132.26 3489.05 9.8977 7.13364 3131.94 3488.62 9.1545;
600 40.29488 3302.45 3705.40 10.1608 8.05748 3302.22 3705.10 9.4177;
700 44.91052 3479.63 3928.73 10.4028 8.98104 3479.45 3928.51 9.6599;
800 49.52599 3663.84 4159.10 10.6281 9.90444 3663.70 4158.92 9.8852;
900 54.14137 3855.03 4396.44 10.8395 10.82773 3854.91 4396.30 10.0967;
1000 58.75669 4053.01 4640.58 11.0392 11.75097 4052.91 4640.46 10.2964;
1100 63.37198 4257.47 4891.19 11.2287 12.67418 4257.37 4891.08 10.4858;
1200 67.98724 4467.91 5147.78 11.4090 13.59737 4467.82 5147.69 10.6662;
1300 72.60250 4683.68 5409.70 14.5810 14.52054 4683.58 5409.61 10.8382] ;

% Tablas de 100kPa y 200kPa
VST2 = [
Sat 1.69400 2506.06 2675.46 7.3593 0.88573 2529.49 2706.63 7.1271;
150 1.93636 2582.75 2776.38 7.6133 0.95964 2576.87 2768.80 7.2795;
200 2.17226 2658.05 2875.27 7.8342 1.08034 2654.39 2870.46 7.5066;
250 2.40604 2733.73 2974.33 8.0332 1.19880 2731.22 2970.98 7.7085;
300 2.63876 2810.41 3074.28 8.2157 1.31616 2808.55 3071.79 7.8926;
400 3.10263 2967.85 3278.11 8.5434 1.54930 2966.69 3276.55 8.2217;
500 3.56547 3131.54 3488.09 8.8341 1.78139 3130.75 3487.03 8.5132;
600 4.02781 3301.94 3704.72 9.0975 2.01297 3301.36 3703.96 8.7769;
700 4.48986 3479.24 3928.23 9.3398 2.24426 3478.81 3927.66 9.0194;
800 4.95174 3663.53 4158.71 9.5652 2.47539 3663.19 4158.27 9.2450;
900 5.41353 3854.77 4396.12 9.7767 2.70643 3854.49 4395.77 9.4565;
1000 5.87526 4052.78 4640.31 9.9764 2.93740 4052.53 4640.01 9.6563;
1100 6.33696 4257.25 4890.95 10.1658 3.16834 4257.01 4890.68 9.8458;
1200 6.79863 4467.70 5147.56 10.3462 3.39927 4467.46 5147.32 10.0262;
1300 7.26030 4683.47 5409.49 10.5182 3.63018 4683.23 5409.26 10.1982] ;

% Tablas de 300kPa y 400kPa
VST3 = [
Sat 0.60582 2543.55 2725.30 6.9918 0.46246 2553.55 2738.53 6.8958;
150 0.63388 2570.79 2760.95 7.0778 0.47084 2564.48 2752.82 6.9299;
200 0.71629 2650.65 2865.54 7.3115 0.53422 2646.83 2860.51 7.1706;
250 0.79636 2728.69 2967.59 7.5165 0.59512 2726.11 2964.16 7.3788;
300 0.87529 2806.69 3069.28 7.7022 0.65484 2804.81 3066.75 7.5661;
400 1.03151 2965.53 3274.98 8.0329 0.77262 2964.36 3273.41 7.8984;
500 1.18669 3129.95 3485.96 8.3250 0.88934 3129.15 3484.89 8.1912;
600 1.34136 3300.79 3703.20 8.5892 1.00555 3300.22 3702.44 8.4557;
700 1.49573 3478.38 3927.10 8.8319 1.12147 3477.95 3926.53 8.6987;
800 1.64994 3662.85 4157.83 9.0575 1.23722 3662.51 4157.40 8.9244;
900 1.80406 3854.20 4395.42 9.2691 1.35288 3853.91 4395.06 9.1361;
1000 1.95812 4052.27 4639.71 9.4689 1.46847 4052.02 4639.41 9.3360;
1100 2.11214 4256.77 4890.41 9.6585 1.58404 4256.53 4890.15 9.5255;
1200 2.26614 4467.23 5147.07 9.8389 1.69958 4466.99 5146.83 9.7059;
1300 2.42013 4682.99 5409.03 10.0109 1.81511 4682.75 5408.80 9.8780] ;

% Tablas de 500kPa y 600kPa
VST4 = [
Sat 0.37489 2561.23 2748.67 6.8212 0.31567 2567.40 2756.80 6.7600;
200 0.42492 2642.91 2855.37 7.0592 0.35202 2638.91 2850.12 6.9665;
250 0.47436 2723.50 2960.68 7.2708 0.39383 2720.86 2957.16 7.1816;
300 0.52256 2802.91 3064.20 7.4598 0.43437 2801.00 3061.63 7.3723;
350 0.57012 2882.59 3167.65 7.6328 0.47424 2881.12 3165.66 7.5463;
400 0.61728 2963.19 3271.83 7.7937 0.51372 2962.02 3270.25 7.7078;
500 0.71093 3128.35 3483.82 8.0872 0.59199 3127.55 3482.75 8.0020;
600 0.80406 3299.64 3701.67 8.3521 0.66974 3299.07 3700.91 8.2673;
700 0.89691 3477.52 3925.97 8.5952 0.74720 3477.08 3925.41 8.5107;
800 0.98959 3662.17 4156.96 8.8211 0.82450 3661.83 4156.52 8.7367;
900 1.08217 3853.63 4394.71 9.0329 0.90169 3853.34 4394.36 8.9485;
1000 1.17469 4051.76 4639.11 9.2328 0.97883 4051.51 4638.81 9.1484;
1100 1.26718 4256.29 4889.88 9.4224 1.05594 4256.05 4889.61 9.3381;
1200 1.35964 4466.76 5146.58 9.6028 1.13302 4466.52 5146.34 9.5185;
1300 1.45210 4682.52 5408.57 9.7749 1.21009 4682.28 5408.34 9.6906] ;

% Tablas de 800kPa y 1000kPa
VST5 = [
Sat 0.24043 2576.79 2769.13 6.6627 0.19444 2583.64 2778.08 6.5864;
200 0.26080 2630.61 2839.25 6.8158 0.20596 2621.90 2827.86 6.6939;
250 0.29314 2715.46 2949.97 7.0384 0.23268 2709.91 2942.59 6.9246;
300 0.32411 2797.14 3056.43 7.2327 0.25794 2793.21 3051.15 7.1228;
350 0.35439 2878.16 3161.68 7.4088 0.28247 2875.18 3157.65 7.3010;
400 0.38426 2959.66 3267.07 7.5715 0.30659 2957.29 3263.88 7.4650;
500 0.44331 3125.95 3480.60 7.8672 0.35411 3124.34 3478.44 7.7621;
600 0.50184 3297.91 3699.38 8.1332 0.40109 3296.76 3697.85 8.0289;
700 0.56007 3476.22 3924.27 8.3770 0.44779 3475.35 3923.14 8.2731;
800 0.61813 3661.14 4155.65 8.6033 0.49432 3660.46 4154.78 8.4996;
900 0.67610 3852.77 4393.65 8.8153 0.54075 3852.19 4392.94 8.7118;
1000 0.73401 4051.00 4638.20 9.0153 0.58712 4050.49 4637.60 8.9119;
1100 0.79188 4255.57 4889.08 9.2049 0.63345 4255.09 4888.55 9.1016;
1200 0.84974 4466.05 5145.85 9.3854 0.67977 4465.58 5145.36 9.2821;
1300 0.90758 4681.81 5407.87 9.5575 0.72608 4681.33 5407.41 9.4542] ;

% 1200 kPa (187.99?C) 1400 kPa (195.07?C)
% Tablas de 1200kPa y 1400kPa
VST6 = [
Sat 0.16333 2588.82 2784.82 6.5233 0.14084 2592.83 2790.00 6.4692;
200 0.16930 2612.74 2815.90 6.5898 0.14302 2603.09 2803.32 6.4975;
250 0.19235 2704.20 2935.01 6.8293 0.16350 2698.32 2927.22 6.7467;
300 0.21382 2789.22 3045.80 7.0316 0.18228 2785.16 3040.35 6.9533;
350 0.23452 2872.16 3153.59 7.2120 0.20026 2869.12 3149.49 7.1359;
400 0.25480 2954.90 3260.66 7.3773 0.21780 2952.50 3257.42 7.3025;
500 0.29463 3122.72 3476.28 7.6758 0.25215 3121.10 3474.11 7.6026;
600 0.33393 3295.60 3696.32 7.9434 0.28596 3294.44 3694.78 7.8710;
700 0.37294 3474.48 3922.01 8.1881 0.31947 3473.61 3920.87 8.1160;
800 0.41177 3659.77 4153.90 8.4149 0.35281 3659.09 4153.03 8.3431;
900 0.45051 3851.62 4392.23 8.6272 0.38606 3851.05 4391.53 8.5555;
1000 0.48919 4049.98 4637.00 8.8274 0.41924 4049.47 4636.41 8.7558;
1100 0.52783 4254.61 4888.02 9.0171 0.45239 4254.14 4887.49 8.9456;
1200 0.56646 4465.12 5144.87 9.1977 0.48552 4464.65 5144.38 9.1262;
1300 0.60507 4680.86 5406.95 9.3698 0.51864 4680.39 5406.49 9.2983] ;

% 1600 kPa (201.40)?C) 1800 kPa (207.15?C)
% Tablas de 1600kPa y 1800kPa
VST7 = [
Sat 0.12380 2595.95 2794.02 6.4217 0.11042 2598.38 2797.13 6.3793;
250 0.14184 2692.26 2919.20 6.6732 0.12497 2686.02 2910.96 6.6066;
300 0.15862 2781.03 3034.83 6.8844 0.14021 2776.83 3029.21 6.8226;
350 0.17456 2866.05 3145.35 7.0693 0.15457 2862.95 3141.18 7.0099;
400 0.19005 2950.09 3254.17 7.2373 0.16847 2947.66 3250.90 7.1793;
500 0.22029 3119.47 3471.93 7.5389 0.19550 3117.84 3469.75 7.4824;
600 0.24998 3293.27 3693.23 7.8080 0.22199 3292.10 3691.69 7.7523;
700 0.27937 3472.74 3919.73 8.0535 0.24818 3471.87 3918.59 7.9983;
800 0.30859 3658.40 4152.15 8.2808 0.27420 3657.71 4151.27 8.2258;
900 0.33772 3850.47 4390.82 8.4934 0.30012 3849.90 4390.11 8.4386;
1000 0.36678 4048.96 4635.81 8.6938 0.32598 4048.45 4635.21 8.6390;
1100 0.39581 4253.66 4886.95 8.8837 0.35180 4253.18 4886.42 8.8290;
1200 0.42482 4464.18 5143.89 9.0642 0.37761 4463.71 5143.40 9.0096;
1300 0.45382 4679.92 5406.02 9.2364 0.40340 4679.44 5405.56 9.1817];

% 2000 kPa (212.42?C) 2500 kPa (223.99?C)
% Tablas de 2000kPa y 2500kPa
